For loop starts here
2;4.9784131770269275E14
12;7.587177970803922E13
22;2.977086325923054E13
32;2.0896709214063938E13
42;1.3531022006163658E13
52;1.1027081224462695E13
62;8.471280406560382E12
72;7.396570547161559E12
82;6.006626530145718E12
92;5.450855617191399E12
102;4.719798440596433E12
112;4.3150207628722383E12
122;4.0293470142046484E12
132;3.4738157025806216E12
142;3.188421645711766E12
152;2.9739124896644043E12
162;2.729938941458297E12
172;2.5819712494721895E12
182;2.408203540711336E12
192;2.3181906548010874E12
202;2.1326274237702678E12
212;1.9869906620092837E12
222;1.8948938555879421E12
232;1.791134740835479E12
242;1.6738062277086248E12
252;1.6362688410180095E12
262;1.5423944033119333E12
272;1.4938438799566655E12
282;1.404041276708338E12
292;1.366186087498635E12
302;1.3212645910491624E12
312;1.2551054000434297E12
322;1.2027587425208093E12
332;1.1612818132284446E12
342;1.1074264281173362E12
352;1.0570797833940217E12
362;1.0796841031651655E12
372;1.0129773153220879E12
382;9.841518295912482E11
392;9.547196734798267E11
402;9.225157949340846E11
412;9.071515454442269E11
422;8.644906571934966E11
432;8.410948078709724E11
442;8.277027962096108E11
452;7.938009686513639E11
462;7.789111500101664E11
472;7.616199003290391E11
482;7.354668054812441E11
492;7.25312668072634E11
